      1     -12.49171     -18.99506       1.06630
      2     -17.74423      -7.04087       1.06630
      3     -18.96116      -4.37875       1.06630
      4     -12.53805     -13.00567       1.06630
      5     -17.22300      -0.08631       1.06630
      6     -16.39370      -4.02281       1.06630
      7     -12.16753      -3.42564       1.06630
      8     -20.43451      -7.35384       1.06630
      9     -16.95545     -15.03882       1.06630
     10     -11.34654       0.78242       1.06630
     11     -11.78790      10.68398       1.06630
     12     -23.56689      -0.73628       1.06630
     13     -24.26050      -5.38388       1.06630
     14      -3.53054       2.33512       1.06630
     15     -22.89215     -10.09468       1.06630
     16     -18.41168      -1.78767       1.06630
     17      16.06746      17.31447       1.06630
     18     -24.02736       3.23845       1.06630
     19     -10.89071      -5.36610       1.06630
     20     -14.38695     -15.44034       1.06630
     21       1.31032      -3.34104       1.06630
     22     -10.32432     -20.03013       1.06630
     23      -7.45759      -2.04047       1.06630
     24     -14.25723     -17.76569       1.06630
     25     -22.68717       8.29304       1.06630
     26     -22.11322       1.50202       1.06630
     27     -23.54062     -12.39043       1.06630
     28     -15.57553      -1.44563       1.06630
     29     -11.71015       2.84948       1.06630
     30      -2.57078      18.99512       1.06630
     31     -20.63748      16.14228       1.06630
     32     -16.46215       2.07517       1.06630
     33      -9.60143      10.45769       1.06630
     34     -23.41407      11.76060       1.06630
     35     -20.25976       8.71085       1.06630
     36      -5.20977      13.70832       1.06630
     37     -20.99093       4.35338       1.06630
     38     -12.53914     -21.50103       1.06630
     39      -8.79033     -18.52419       1.06630
     40     -19.49873     -15.22043       1.06630
     41      -5.89687     -13.45161       1.06630
     42     -13.21808      -5.49528       1.06630
     43     -11.47078       7.71016       1.06630
     44     -11.62219     -10.18078       1.06630
     45     -14.27325      -3.08884       1.06630
     46     -13.60987       1.51773       1.06630
     47      -4.23508      21.71594       1.06630
     48     -12.07321      18.75949       1.06630
     49      -8.17135       7.59941       1.06630
     50     -16.73171      10.60718       1.06630
     51     -21.46819      -3.90489       1.06630
     52      -6.40016       8.65234       1.06630
     53       1.45240      17.88182       1.06630
     54      -5.44359      18.91974       1.06630
     55     -15.31585     -11.09696       1.06630
     56      -2.29759     -10.57861       1.06630
     57      -8.74926     -23.12445       1.06630
     58       1.33571     -22.51696       1.06630
     59     -18.15017      -9.51183       1.06630
     60     -15.13911     -13.37611       1.06630
     61     -17.85199       8.70751       1.06630
     62       7.41257      -4.04907       1.06630
     63     -13.60376       6.67093       1.06630
     64     -20.01805       6.48696       1.06630
     65      -7.85789      24.30683       1.06630
     66     -19.35190      18.44203       1.06630
     67       1.38726      -9.76824       1.06630
     68     -12.90824      21.68173       1.06630
     69     -21.18346     -12.69802       1.06630
     70     -12.08685      15.64105       1.06630
     71     -16.57185       6.80986       1.06630
     72      11.62697      11.73946       1.06630
     73     -14.25260      -7.38081       1.06630
     74     -11.63437     -17.08743       1.06630
     75      -8.24598      -6.86366       1.06630
     76     -10.09133      -2.97118       1.06630
     77      -1.28512     -23.10497       1.06630
     78     -17.59815     -11.59428       1.06630
     79      -6.62713     -23.09905       1.06630
     80      -2.59931       9.39403       1.06630
     81     -11.32057      -7.51139       1.06630
     82     -23.42603      -7.42425       1.06630
     83     -17.94770       4.75865       1.06630
     84     -19.30638       1.60868       1.06630
     85     -12.07556       4.92211       1.06630
     86      -6.79732      17.09181       1.06630
     87      -5.31093       4.46846       1.06630
     88      -9.96505      23.57522       1.06630
     89      -8.01937      18.99919       1.06630
     90     -20.27711      13.57310       1.06630
     91       0.11792     -11.59190       1.06630
     92      -4.67048     -21.45756       1.06630
     93       0.13281     -20.53836       1.06630
     94      -6.23076     -25.19610       1.06630
     95       6.44184     -15.13089       1.06630
     96       9.32520      -5.98042       1.06630
     97     -23.98681      -2.75369       1.06630
     98      -7.33665       3.29776       1.06630
     99       0.10806       4.25765       1.06630
    100      -5.92580      -3.75736       1.06630
    101      -1.10422     -13.96810       1.06630
    102     -15.41317      12.27711       1.06630
    103      -6.42965      26.29129       1.06630
    104       5.95984       7.43977       1.06630
    105      -3.88235      15.43854       1.06630
    106       2.36442      23.90242       1.06630
    107      -1.26512      21.06253       1.06630
    108      -9.27094      25.98580       1.06630
    109      -5.80264     -11.23499       1.06630
    110      -6.63029      -9.20171       1.06630
    111      -5.69853     -15.63825       1.06630
    112     -10.21289     -12.65041       1.06630
    113      11.01303     -17.07249       1.06630
    114      -7.82964     -11.70803       1.06630
    115     -16.17253     -18.84165       1.06630
    116      -3.87589      -4.29644       1.06630
    117      -6.15491       6.36660       1.06630
    118     -21.24289      -1.64147       1.06630
    119      -9.33491       4.46438       1.06630
    120     -17.52402      15.66364       1.06630
    121       2.54878       7.31686       1.06630
    122       9.50806       7.16732       1.06630
    123     -26.00326       8.08803       1.06630
    124     -18.95859      10.44704       1.06630
    125       8.43659      22.86262       1.06630
    126     -14.34488       9.52705       1.06630
    127       1.18533     -14.57356       1.06630
    128       1.81586     -17.41909       1.06630
    129       0.61018     -24.68306       1.06630
    130      -2.96151     -15.72801       1.06630
    131      -9.40670      12.68204       1.06630
    132      10.09799      -3.85843       1.06630
    133       3.61861      -4.76267       1.06630
    134      -4.57096      -2.05842       1.06630
    135       9.62262       1.65920       1.06630
    136       6.30327      -2.12078       1.06630
    137      -4.03275       0.05679       1.06630
    138     -13.24934      12.29695       1.06630
    139      -0.62858       7.16200       1.06630
    140      -9.49670      -0.33132       1.06630
    141      -8.87954      21.30866       1.06630
    142       0.84900      13.29507       1.06630
    143       0.74101      19.87006       1.06630
    144      -0.48526      15.65167       1.06630
    145     -17.96502     -17.75563       1.06630
    146      -2.16636      -7.45147       1.06630
    147       6.21676     -23.90855       1.06630
    148      -3.35444     -13.61053       1.06630
    149      21.57374     -10.51649       1.06630
    150     -14.75329       3.90445       1.06630
    151      -4.78339      -7.34589       1.06630
    152       1.55690      -6.28932       1.06630
    153       3.71790       3.32470       1.06630
    154       5.28125       0.98168       1.06630
    155      -9.58665       2.23094       1.06630
    156     -15.36345      18.40468       1.06630
    157       4.15290       5.84237       1.06630
    158      -6.34064      21.22932       1.06630
    159      13.64483      20.45713       1.06630
    160       4.42081      16.13373       1.06630
    161       4.49882       9.10192       1.06630
    162      23.61099       0.54463       1.06630
    163      -5.89411     -18.78872       1.06630
    164       8.39657      -9.31288       1.06630
    165      -7.91478     -15.02721       1.06630
    166      11.44079     -21.43212       1.06630
    167       9.19514     -12.00133       1.06630
    168       0.15801      -8.01391       1.06630
    169      16.98304      12.03782       1.06630
    170      -2.41482      -1.92339       1.06630
    171      20.47464       5.57848       1.06630
    172      -8.40334      -4.80044       1.06630
    173      -9.32961      -9.35796       1.06630
    174       2.01214       1.63770       1.06630
    175      -5.81126       1.70233       1.06630
    176      10.93667      18.23571       1.06630
    177      13.23798       5.12644       1.06630
    178      -7.09449      11.59663       1.06630
    179       7.31415      19.90047       1.06630
    180       2.26521      21.30866       1.06630
    181      12.82089     -15.01723       1.06630
    182       3.88750     -17.55576       1.06630
    183       2.08231     -12.34397       1.06630
    184      16.69099      -9.20387       1.06630
    185      13.19570       2.91541       1.06630
    186       8.77582     -14.57421       1.06630
    187      -0.57875     -16.49590       1.06630
    188       3.11404      -8.14652       1.06630
    189      16.37781      -5.40459       1.06630
    190      -7.02005      -0.01155       1.06630
    191      -1.93357      13.51569       1.06630
    192       3.31487      11.59153       1.06630
    193       1.85370      -0.52149       1.06630
    194       5.37508      14.23514       1.06630
    195       8.52858      -2.31348       1.06630
    196       7.13783      13.00926       1.06630
    197      -1.09455      24.59081       1.06630
    198       9.86516      25.49474       1.06630
    199      10.25323      -7.97417       1.06630
    200      -1.98691     -25.55708       1.06630
    201      19.30523     -17.04969       1.06630
    202      20.11498     -12.14791       1.06630
    203      10.30725     -23.37174       1.06630
    204      13.29190     -19.03108       1.06630
    205      14.52261     -10.44875       1.06630
    206      -0.84152      -5.06518       1.06630
    207     -12.26880      -1.23720       1.06630
    208       7.55824       0.40786       1.06630
    209       1.94623       5.27433       1.06630
    210      17.06586     -15.94616       1.06630
    211     -17.55161      13.03667       1.06630
    212      25.10078      -1.57487       1.06630
    213      18.61298     -10.28264       1.06630
    214       0.13579       9.45880       1.06630
    215      14.01899      15.69787       1.06630
    216       7.52266      17.42815       1.06630
    217      -7.53605     -20.21849       1.06630
    218      -4.39505      -9.62042       1.06630
    219      15.28928     -17.30717       1.06630
    220      17.18471     -19.90572       1.06630
    221       3.89632     -14.66289       1.06630
    222      11.00154       3.39293       1.06630
    223      20.36295      -3.02076       1.06630
    224      18.63639       4.49505       1.06630
    225       3.28384      13.81400       1.06630
    226      -0.22172      -1.64895       1.06630
    227      -2.74053       6.82576       1.06630
    228      22.63163      13.62053       1.06630
    229      20.70455       7.76577       1.06630
    230       8.08693       3.17600       1.06630
    231      -1.40510      11.15412       1.06630
    232       4.13659      22.49998       1.06630
    233      13.76968      18.09903       1.06630
    234      -1.79919       0.56875       1.06630
    235       8.54512     -21.35331       1.06630
    236       5.94380     -17.34264       1.06630
    237      24.07943     -12.14868       1.06630
    238      22.61565      -2.27360       1.06630
    239      13.60435      -8.11859       1.06630
    240      -5.17919      10.49450       1.06630
    241      12.74031       9.79444       1.06630
    242      12.86543     -12.03144       1.06630
    243      19.08404      11.38259       1.06630
    244      17.51839      -3.59819       1.06630
    245      15.99844      14.63664       1.06630
    246      22.87719       7.24591       1.06630
    247      18.40834       2.20975       1.06630
    248       2.37231       9.63516       1.06630
    249       1.85428      15.44259       1.06630
    250      17.71663      -1.10835       1.06630
    251      15.40706       1.98469       1.06630
    252      -2.85034       4.34648       1.06630
    253       9.96153     -19.27276       1.06630
    254       4.09593     -19.82768       1.06630
    255      24.13622       4.82325       1.06630
    256       6.35276     -19.99097       1.06630
    257       5.60860      -8.24435       1.06630
    258       6.28421     -11.08695       1.06630
    259       9.15096       5.00714       1.06630
    260       7.07809     -13.04414       1.06630
    261       3.59285     -23.03711       1.06630
    262      26.30533       5.36030       1.06630
    263      15.90339       4.77924       1.06630
    264      14.57719     -13.82389       1.06630
    265      14.19251      12.35924       1.06630
    266       7.34087      -6.56973       1.06630
    267       6.48804      22.00864       1.06630
    268      -0.09534      27.70734       1.06630
    269       4.14883      20.02438       1.06630
    270       9.38220      20.29963       1.06630
    271      -2.69556     -20.21289       1.06630
    272      17.83838       7.92894       1.06630
    273       3.52976     -10.49750       1.06630
    274      14.67654      -4.16583       1.06630
    275      15.50885      -0.65963       1.06630
    276      24.44581       2.46778       1.06630
    277      16.23844       9.52475       1.06630
    278      14.78132       7.61839       1.06630
    279       8.18727      10.45349       1.06630
    280      11.29060     -10.17470       1.06630
    281       8.06284      15.23118       1.06630
    282      16.77032     -12.85440       1.06630
    283      20.21837       0.66059       1.06630
    284      10.51801       9.13936       1.06630
    285      11.77328       6.92001       1.06630
    286       9.81968      13.92866       1.06630
    287       6.00917       3.72739       1.06630
    288       4.33617      25.33067       1.06630
    289      10.91972     -13.11592       1.06630
    290       7.99233     -17.89434       1.06630
    291      21.50159       2.73917       1.06630
    292       4.25493     -12.50824       1.06630
    293      21.95435      -4.71206       1.06630
    294      19.14926      -6.37799       1.06630
    295      12.25377       0.65422       1.06630
    296      10.81532      -1.05369       1.06630
    297      12.11720      -6.57877       1.06630
    298      12.94261      -2.99264       1.06630
    299       3.16360      -2.35018       1.06630
    300      21.68851      -6.85452       1.06630
      1      -9.86383     -15.18930       1.06630
      2     -13.92323      -4.13155       1.06630
      3     -14.74271      -1.95933       1.06630
      4      -9.86299     -11.52725       1.06630
      5     -13.81208      -0.12009       1.06630
      6     -11.35059      -3.93924       1.06630
      7      -9.30047      -3.62665       1.06630
      8     -15.41253      -5.63918       1.06630
      9     -14.17322     -11.89442       1.06630
     10      -9.76982       0.29844       1.06630
     11      -9.03147       9.42411       1.06630
     12     -20.98973       0.23625       1.06630
     13     -21.02198      -3.71954       1.06630
     14      -1.69774       2.94777       1.06630
     15     -19.32566      -6.68459       1.06630
     16     -16.78931      -1.01313       1.06630
     17      12.94182      13.62432       1.06630
     18     -18.59323       3.82555       1.06630
     19      -8.47116      -5.93524       1.06630
     20     -11.98430     -11.45200       1.06630
     21       2.38508      -1.19648       1.06630
     22     -10.06789     -17.57349       1.06630
     23      -6.23122      -2.28583       1.06630
     24     -10.91640     -13.34430       1.06630
     25     -17.33802       5.58891       1.06630
     26     -17.66358       1.13898       1.06630
     27     -17.33202      -9.57475       1.06630
     28     -11.81415       0.45213       1.06630
     29      -9.43303       2.73241       1.06630
     30      -2.05731      13.30357       1.06630
     31     -14.87235      12.82651       1.06630
     32     -13.70363       1.97557       1.06630
     33      -7.03792       8.84896       1.06630
     34     -16.70796      11.18555       1.06630
     35     -18.94363       7.45656       1.06630
     36      -3.37105       9.75817       1.06630
     37     -16.42984       2.95356       1.06630
     38     -11.95009     -16.36735       1.06630
     39      -7.81077     -15.31041       1.06630
     40     -16.49951     -11.59409       1.06630
     41      -5.27747     -11.44018       1.06630
     42     -10.59760      -6.01139       1.06630
     43      -8.55074       7.29569       1.06630
     44     -10.60487      -9.59669       1.06630
     45     -12.63179      -2.05344       1.06630
     46     -11.65575       2.58963       1.06630
     47      -2.35540      15.45875       1.06630
     48      -9.06707      15.38011       1.06630
     49      -6.52199       6.52544       1.06630
     50     -12.99467       8.61658       1.06630
     51     -16.16243      -3.68568       1.06630
     52      -4.36539       6.17486       1.06630
     53       1.81183      14.35522       1.06630
     54      -4.22663      13.95470       1.06630
     55     -11.70919      -7.81587       1.06630
     56      -1.80135      -9.89038       1.06630
     57      -8.66476     -19.31024       1.06630
     58       0.26502     -18.62156       1.06630
     59     -17.10850      -7.26704       1.06630
     60     -13.24093      -9.24295       1.06630
     61     -16.06148       7.31046       1.06630
     62       5.75673      -3.38161       1.06630
     63     -12.03957       6.15881       1.06630
     64     -15.18055       4.68356       1.06630
     65      -5.74131      18.04944       1.06630
     66     -12.70462      14.17283       1.06630
     67       2.13615      -8.78406       1.06630
     68      -9.71196      18.05210       1.06630
     69     -15.25309      -9.75879       1.06630
     70      -8.12706      13.06874       1.06630
     71     -14.03198       6.77648       1.06630
     72       8.48083       8.40524       1.06630
     73     -12.67222      -5.86458       1.06630
     74      -8.65685     -13.22608       1.06630
     75      -7.32942      -7.78480       1.06630
     76      -7.25279      -4.07169       1.06630
     77      -1.91909     -19.98189       1.06630
     78     -14.64265      -7.58337       1.06630
     79      -4.57894     -17.19003       1.06630
     80      -2.91241       7.64950       1.06630
     81      -9.42758      -7.81221       1.06630
     82     -17.67726      -5.28112       1.06630
     83     -13.11776       4.18550       1.06630
     84     -15.53897       1.02980       1.06630
     85      -8.35622       5.21557       1.06630
     86      -6.07050      12.47321       1.06630
     87      -3.76424       3.11383       1.06630
     88      -7.62895      19.01714       1.06630
     89      -6.53626      14.50949       1.06630
     90     -15.08384       9.22103       1.06630
     91       0.61364     -10.25082       1.06630
     92      -2.06820     -17.84630       1.06630
     93      -0.46467     -16.18950       1.06630
     94      -6.17007     -19.05967       1.06630
     95       5.40396     -13.90736       1.06630
     96       6.87027      -5.25752       1.06630
     97     -18.26748      -3.23179       1.06630
     98      -5.76901       1.95195       1.06630
     99       0.33753       2.45342       1.06630
    100      -5.15866      -4.03855       1.06630
    101      -0.85602     -11.97757       1.06630
    102     -11.13283      10.08758       1.06630
    103      -3.00484      17.54229       1.06630
    104       5.07351       6.33568       1.06630
    105      -3.70858      11.79213       1.06630
    106       0.13595      19.23322       1.06630
    107      -0.90502      17.22640       1.06630
    108      -4.73727      19.88839       1.06630
    109      -3.95962      -9.67795       1.06630
    110      -4.99608      -7.73944       1.06630
    111      -4.35345     -13.34982       1.06630
    112      -7.54718     -11.49915       1.06630
    113       9.22659     -13.22062       1.06630
    114      -6.11779      -9.52381       1.06630
    115     -12.77975     -14.27794       1.06630
    116      -1.00105      -3.14636       1.06630
    117      -5.63239       4.47902       1.06630
    118     -19.17209      -0.93481       1.06630
    119      -7.35802       3.33246       1.06630
    120     -11.75186      12.06835       1.06630
    121       1.12189       6.16325       1.06630
    122       7.23713       6.22815       1.06630
    123     -21.05199       2.82782       1.06630
    124     -17.26769       9.18646       1.06630
    125       8.03023      17.65342       1.06630
    126     -10.58613       7.90209       1.06630
    127       1.21586     -12.37801       1.06630
    128       1.85106     -14.47521       1.06630
    129       0.53698     -20.90251       1.06630
    130      -2.30006     -13.75923       1.06630
    131      -7.60575      10.92519       1.06630
    132       8.02146      -3.38962       1.06630
    133       2.39587      -5.00350       1.06630
    134      -3.22039      -2.94449       1.06630
    135       8.32571       0.31646       1.06630
    136       4.86162      -1.37168       1.06630
    137      -4.21181      -0.84307       1.06630
    138      -9.71998      11.59494       1.06630
    139      -0.36588       4.65288       1.06630
    140      -8.53601      -1.48669       1.06630
    141      -7.33422      16.55597       1.06630
    142       0.42728      10.33829       1.06630
    143      -0.26072      14.33897       1.06630
    144       0.58795      12.40892       1.06630
    145     -14.84208     -13.92147       1.06630
    146      -1.59493      -5.82615       1.06630
    147       4.48832     -20.50941       1.06630
    148      -3.00958     -11.62114       1.06630
    149      16.99438      -6.41328       1.06630
    150     -10.63634       4.53587       1.06630
    151      -3.67913      -5.63608       1.06630
    152       0.24546      -4.79469       1.06630
    153       2.90037       2.30658       1.06630
    154       4.97116       2.56847       1.06630
    155      -7.85022       1.33516       1.06630
    156     -10.32242      13.63594       1.06630
    157       3.81028       4.44122       1.06630
    158      -4.85730      16.00218       1.06630
    159       8.76702      15.67764       1.06630
    160       6.65298      12.33947       1.06630
    161       4.30102       8.73729       1.06630
    162      18.33804       1.26399       1.06630
    163      -5.44602     -15.14617       1.06630
    164       7.81377      -7.13723       1.06630
    165      -6.53315     -13.31144       1.06630
    166       9.92110     -17.62816       1.06630
    167       8.53533      -9.16178       1.06630
    168      -0.83511      -7.80587       1.06630
    169      12.35805      10.43790       1.06630
    170      -2.07089      -1.08729       1.06630
    171      15.13242       3.81944       1.06630
    172      -6.11017      -5.97404       1.06630
    173      -8.45043      -9.64323       1.06630
    174       1.40494       0.61989       1.06630
    175      -3.05560       0.87941       1.06630
    176      10.78738      14.11567       1.06630
    177      10.51174       4.05831       1.06630
    178      -5.61867      10.40314       1.06630
    179       5.94987      17.19205       1.06630
    180       0.90754      16.23897       1.06630
    181      11.06252     -11.94274       1.06630
    182       3.76413     -15.31367       1.06630
    183       2.64656     -10.85425       1.06630
    184      14.96691      -7.38146       1.06630
    185      11.84741       1.99575       1.06630
    186       7.27620     -12.17458       1.06630
    187      -0.17997     -14.06679       1.06630
    188       1.17837      -6.76039       1.06630
    189      14.46315      -4.00007       1.06630
    190      -6.46453      -0.23383       1.06630
    191      -1.50946      11.25561       1.06630
    192       2.64669      10.11768       1.06630
    193       3.79193       0.42784       1.06630
    194       4.57080      10.84345       1.06630
    195       7.06894      -1.48917       1.06630
    196       6.67043      10.22526       1.06630
    197      -2.65848      20.06266       1.06630
    198       6.96346      19.79334       1.06630
    199       9.05386      -5.35471       1.06630
    200      -4.12247     -19.83118       1.06630
    201      13.55951     -11.94569       1.06630
    202      15.83535     -11.64937       1.06630
    203       8.30943     -19.04173       1.06630
    204       9.60631     -15.40451       1.06630
    205      12.22428      -7.68437       1.06630
    206       1.38286      -3.04799       1.06630
    207     -10.58378      -1.62626       1.06630
    208       5.87621       0.53623       1.06630
    209       1.66906       4.04398       1.06630
    210      13.64159     -14.00154       1.06630
    211     -13.31342      10.67409       1.06630
    212      21.20446       0.43637       1.06630
    213      16.58359      -9.05153       1.06630
    214       1.50367       8.36237       1.06630
    215      11.02756      12.06519       1.06630
    216       4.57466      15.45031       1.06630
    217      -6.70123     -17.05226       1.06630
    218      -2.92875      -7.77229       1.06630
    219      11.30497     -14.09218       1.06630
    220      12.49853     -15.94828       1.06630
    221       3.40888     -12.86435       1.06630
    222       9.50136       2.19624       1.06630
    223      17.00861      -0.55965       1.06630
    224      13.89810       2.13715       1.06630
    225       4.80173      13.37303       1.06630
    226       0.05041      -1.22553       1.06630
    227      -0.85776       6.84826       1.06630
    228      16.47310       9.12675       1.06630
    229      16.27426       5.74473       1.06630
    230       7.05615       2.45288       1.06630
    231      -1.32733       9.02182       1.06630
    232       2.38162      19.24355       1.06630
    233      11.49974      16.13336       1.06630
    234      -0.94925       0.71254       1.06630
    235       6.27239     -18.00027       1.06630
    236       5.88096     -15.94026       1.06630
    237      18.38334      -8.01892       1.06630
    238      19.72303      -1.15362       1.06630
    239      13.51864      -5.88341       1.06630
    240      -5.06909       8.21281       1.06630
    241      10.59607       7.68647       1.06630
    242      10.60875      -9.35552       1.06630
    243      14.43792       9.90295       1.06630
    244      15.73218      -2.20355       1.06630
    245      14.31557      12.03988       1.06630
    246      18.41384       8.31790       1.06630
    247      14.69976      -0.06358       1.06630
    248       3.06369       6.89444       1.06630
    249       2.78099      12.18457       1.06630
    250      13.56700      -2.02912       1.06630
    251      12.59817       0.04617       1.06630
    252      -2.53263       5.13066       1.06630
    253       7.95071     -16.69032       1.06630
    254       1.67955     -16.86619       1.06630
    255      18.67491       5.27354       1.06630
    256       4.23271     -17.47109       1.06630
    257       3.38177      -7.00343       1.06630
    258       5.75261      -7.50793       1.06630
    259       8.14281       4.31982       1.06630
    260       6.44068      -9.63569       1.06630
    261       2.52920     -19.09661       1.06630
    262      21.89142       4.13596       1.06630
    263      12.90144       3.99525       1.06630
    264      12.52570     -10.13332       1.06630
    265      10.24111       9.76534       1.06630
    266       4.49200      -5.26005       1.06630
    267       4.39887      18.72124       1.06630
    268       1.43806      21.17034       1.06630
    269       3.01485      16.99856       1.06630
    270       6.94914      14.47039       1.06630
    271      -3.23452     -15.62444       1.06630
    272      14.88501       7.76653       1.06630
    273       4.35264      -9.22545       1.06630
    274      12.40964      -3.74128       1.06630
    275      11.32665      -1.69231       1.06630
    276      19.89236       3.52266       1.06630
    277      12.73141       7.95536       1.06630
    278      13.95137       5.88840       1.06630
    279       6.30818       8.14272       1.06630
    280       9.89149      -7.23510       1.06630
    281       8.79283      13.28840       1.06630
    282      14.58055      -9.62320       1.06630
    283      16.00881       1.73590       1.06630
    284       9.49943       5.91627       1.06630
    285      11.88089       5.85250       1.06630
    286       8.62426      11.07799       1.06630
    287       6.05893       4.49855       1.06630
    288       3.65192      20.88918       1.06630
    289       9.07388     -11.15304       1.06630
    290       7.44970     -14.57527       1.06630
    291      17.24837       3.57175       1.06630
    292       4.99412     -11.45355       1.06630
    293      18.08335      -2.77295       1.06630
    294      16.59929      -4.22321       1.06630
    295      10.47893       0.32756       1.06630
    296       9.22874      -1.60486       1.06630
    297      11.11367      -5.49813       1.06630
    298      10.32387      -3.49647       1.06630
    299       3.45274      -3.19586       1.06630
    300      18.68037      -5.14803       1.06630
