      1      -9.86383     -15.18930       1.06630
      2     -13.92323      -4.13155       1.06630
      3     -14.74271      -1.95933       1.06630
      4      -9.86299     -11.52725       1.06630
      5     -13.81208      -0.12009       1.06630
      6     -11.35059      -3.93924       1.06630
      7      -9.30047      -3.62665       1.06630
      8     -15.41253      -5.63918       1.06630
      9     -14.17322     -11.89442       1.06630
     10      -9.76982       0.29844       1.06630
     11      -9.03147       9.42411       1.06630
     12     -20.98973       0.23625       1.06630
     13     -21.02198      -3.71954       1.06630
     14      -1.69774       2.94777       1.06630
     15     -19.32566      -6.68459       1.06630
     16     -16.78931      -1.01313       1.06630
     17      12.94182      13.62432       1.06630
     18     -18.59323       3.82555       1.06630
     19      -8.47116      -5.93524       1.06630
     20     -11.98430     -11.45200       1.06630
     21       2.38508      -1.19648       1.06630
     22     -10.06789     -17.57349       1.06630
     23      -6.23122      -2.28583       1.06630
     24     -10.91640     -13.34430       1.06630
     25     -17.33802       5.58891       1.06630
     26     -17.66358       1.13898       1.06630
     27     -17.33202      -9.57475       1.06630
     28     -11.81415       0.45213       1.06630
     29      -9.43303       2.73241       1.06630
     30      -2.05731      13.30357       1.06630
     31     -14.87235      12.82651       1.06630
     32     -13.70363       1.97557       1.06630
     33      -7.03792       8.84896       1.06630
     34     -16.70796      11.18555       1.06630
     35     -18.94363       7.45656       1.06630
     36      -3.37105       9.75817       1.06630
     37     -16.42984       2.95356       1.06630
     38     -11.95009     -16.36735       1.06630
     39      -7.81077     -15.31041       1.06630
     40     -16.49951     -11.59409       1.06630
     41      -5.27747     -11.44018       1.06630
     42     -10.59760      -6.01139       1.06630
     43      -8.55074       7.29569       1.06630
     44     -10.60487      -9.59669       1.06630
     45     -12.63179      -2.05344       1.06630
     46     -11.65575       2.58963       1.06630
     47      -2.35540      15.45875       1.06630
     48      -9.06707      15.38011       1.06630
     49      -6.52199       6.52544       1.06630
     50     -12.99467       8.61658       1.06630
     51     -16.16243      -3.68568       1.06630
     52      -4.36539       6.17486       1.06630
     53       1.81183      14.35522       1.06630
     54      -4.22663      13.95470       1.06630
     55     -11.70919      -7.81587       1.06630
     56      -1.80135      -9.89038       1.06630
     57      -8.66476     -19.31024       1.06630
     58       0.26502     -18.62156       1.06630
     59     -17.10850      -7.26704       1.06630
     60     -13.24093      -9.24295       1.06630
     61     -16.06148       7.31046       1.06630
     62       5.75673      -3.38161       1.06630
     63     -12.03957       6.15881       1.06630
     64     -15.18055       4.68356       1.06630
     65      -5.74131      18.04944       1.06630
     66     -12.70462      14.17283       1.06630
     67       2.13615      -8.78406       1.06630
     68      -9.71196      18.05210       1.06630
     69     -15.25309      -9.75879       1.06630
     70      -8.12706      13.06874       1.06630
     71     -14.03198       6.77648       1.06630
     72       8.48083       8.40524       1.06630
     73     -12.67222      -5.86458       1.06630
     74      -8.65685     -13.22608       1.06630
     75      -7.32942      -7.78480       1.06630
     76      -7.25279      -4.07169       1.06630
     77      -1.91909     -19.98189       1.06630
     78     -14.64265      -7.58337       1.06630
     79      -4.57894     -17.19003       1.06630
     80      -2.91241       7.64950       1.06630
     81      -9.42758      -7.81221       1.06630
     82     -17.67726      -5.28112       1.06630
     83     -13.11776       4.18550       1.06630
     84     -15.53897       1.02980       1.06630
     85      -8.35622       5.21557       1.06630
     86      -6.07050      12.47321       1.06630
     87      -3.76424       3.11383       1.06630
     88      -7.62895      19.01714       1.06630
     89      -6.53626      14.50949       1.06630
     90     -15.08384       9.22103       1.06630
     91       0.61364     -10.25082       1.06630
     92      -2.06820     -17.84630       1.06630
     93      -0.46467     -16.18950       1.06630
     94      -6.17007     -19.05967       1.06630
     95       5.40396     -13.90736       1.06630
     96       6.87027      -5.25752       1.06630
     97     -18.26748      -3.23179       1.06630
     98      -5.76901       1.95195       1.06630
     99       0.33753       2.45342       1.06630
    100      -5.15866      -4.03855       1.06630
    101      -0.85602     -11.97757       1.06630
    102     -11.13283      10.08758       1.06630
    103      -3.00484      17.54229       1.06630
    104       5.07351       6.33568       1.06630
    105      -3.70858      11.79213       1.06630
    106       0.13595      19.23322       1.06630
    107      -0.90502      17.22640       1.06630
    108      -4.73727      19.88839       1.06630
    109      -3.95962      -9.67795       1.06630
    110      -4.99608      -7.73944       1.06630
    111      -4.35345     -13.34982       1.06630
    112      -7.54718     -11.49915       1.06630
    113       9.22659     -13.22062       1.06630
    114      -6.11779      -9.52381       1.06630
    115     -12.77975     -14.27794       1.06630
    116      -1.00105      -3.14636       1.06630
    117      -5.63239       4.47902       1.06630
    118     -19.17209      -0.93481       1.06630
    119      -7.35802       3.33246       1.06630
    120     -11.75186      12.06835       1.06630
    121       1.12189       6.16325       1.06630
    122       7.23713       6.22815       1.06630
    123     -21.05199       2.82782       1.06630
    124     -17.26769       9.18646       1.06630
    125       8.03023      17.65342       1.06630
    126     -10.58613       7.90209       1.06630
    127       1.21586     -12.37801       1.06630
    128       1.85106     -14.47521       1.06630
    129       0.53698     -20.90251       1.06630
    130      -2.30006     -13.75923       1.06630
    131      -7.60575      10.92519       1.06630
    132       8.02146      -3.38962       1.06630
    133       2.39587      -5.00350       1.06630
    134      -3.22039      -2.94449       1.06630
    135       8.32571       0.31646       1.06630
    136       4.86162      -1.37168       1.06630
    137      -4.21181      -0.84307       1.06630
    138      -9.71998      11.59494       1.06630
    139      -0.36588       4.65288       1.06630
    140      -8.53601      -1.48669       1.06630
    141      -7.33422      16.55597       1.06630
    142       0.42728      10.33829       1.06630
    143      -0.26072      14.33897       1.06630
    144       0.58795      12.40892       1.06630
    145     -14.84208     -13.92147       1.06630
    146      -1.59493      -5.82615       1.06630
    147       4.48832     -20.50941       1.06630
    148      -3.00958     -11.62114       1.06630
    149      16.99438      -6.41328       1.06630
    150     -10.63634       4.53587       1.06630
    151      -3.67913      -5.63608       1.06630
    152       0.24546      -4.79469       1.06630
    153       2.90037       2.30658       1.06630
    154       4.97116       2.56847       1.06630
    155      -7.85022       1.33516       1.06630
    156     -10.32242      13.63594       1.06630
    157       3.81028       4.44122       1.06630
    158      -4.85730      16.00218       1.06630
    159       8.76702      15.67764       1.06630
    160       6.65298      12.33947       1.06630
    161       4.30102       8.73729       1.06630
    162      18.33804       1.26399       1.06630
    163      -5.44602     -15.14617       1.06630
    164       7.81377      -7.13723       1.06630
    165      -6.53315     -13.31144       1.06630
    166       9.92110     -17.62816       1.06630
    167       8.53533      -9.16178       1.06630
    168      -0.83511      -7.80587       1.06630
    169      12.35805      10.43790       1.06630
    170      -2.07089      -1.08729       1.06630
    171      15.13242       3.81944       1.06630
    172      -6.11017      -5.97404       1.06630
    173      -8.45043      -9.64323       1.06630
    174       1.40494       0.61989       1.06630
    175      -3.05560       0.87941       1.06630
    176      10.78738      14.11567       1.06630
    177      10.51174       4.05831       1.06630
    178      -5.61867      10.40314       1.06630
    179       5.94987      17.19205       1.06630
    180       0.90754      16.23897       1.06630
    181      11.06252     -11.94274       1.06630
    182       3.76413     -15.31367       1.06630
    183       2.64656     -10.85425       1.06630
    184      14.96691      -7.38146       1.06630
    185      11.84741       1.99575       1.06630
    186       7.27620     -12.17458       1.06630
    187      -0.17997     -14.06679       1.06630
    188       1.17837      -6.76039       1.06630
    189      14.46315      -4.00007       1.06630
    190      -6.46453      -0.23383       1.06630
    191      -1.50946      11.25561       1.06630
    192       2.64669      10.11768       1.06630
    193       3.79193       0.42784       1.06630
    194       4.57080      10.84345       1.06630
    195       7.06894      -1.48917       1.06630
    196       6.67043      10.22526       1.06630
    197      -2.65848      20.06266       1.06630
    198       6.96346      19.79334       1.06630
    199       9.05386      -5.35471       1.06630
    200      -4.12247     -19.83118       1.06630
    201      13.55951     -11.94569       1.06630
    202      15.83535     -11.64937       1.06630
    203       8.30943     -19.04173       1.06630
    204       9.60631     -15.40451       1.06630
    205      12.22428      -7.68437       1.06630
    206       1.38286      -3.04799       1.06630
    207     -10.58378      -1.62626       1.06630
    208       5.87621       0.53623       1.06630
    209       1.66906       4.04398       1.06630
    210      13.64159     -14.00154       1.06630
    211     -13.31342      10.67409       1.06630
    212      21.20446       0.43637       1.06630
    213      16.58359      -9.05153       1.06630
    214       1.50367       8.36237       1.06630
    215      11.02756      12.06519       1.06630
    216       4.57466      15.45031       1.06630
    217      -6.70123     -17.05226       1.06630
    218      -2.92875      -7.77229       1.06630
    219      11.30497     -14.09218       1.06630
    220      12.49853     -15.94828       1.06630
    221       3.40888     -12.86435       1.06630
    222       9.50136       2.19624       1.06630
    223      17.00861      -0.55965       1.06630
    224      13.89810       2.13715       1.06630
    225       4.80173      13.37303       1.06630
    226       0.05041      -1.22553       1.06630
    227      -0.85776       6.84826       1.06630
    228      16.47310       9.12675       1.06630
    229      16.27426       5.74473       1.06630
    230       7.05615       2.45288       1.06630
    231      -1.32733       9.02182       1.06630
    232       2.38162      19.24355       1.06630
    233      11.49974      16.13336       1.06630
    234      -0.94925       0.71254       1.06630
    235       6.27239     -18.00027       1.06630
    236       5.88096     -15.94026       1.06630
    237      18.38334      -8.01892       1.06630
    238      19.72303      -1.15362       1.06630
    239      13.51864      -5.88341       1.06630
    240      -5.06909       8.21281       1.06630
    241      10.59607       7.68647       1.06630
    242      10.60875      -9.35552       1.06630
    243      14.43792       9.90295       1.06630
    244      15.73218      -2.20355       1.06630
    245      14.31557      12.03988       1.06630
    246      18.41384       8.31790       1.06630
    247      14.69976      -0.06358       1.06630
    248       3.06369       6.89444       1.06630
    249       2.78099      12.18457       1.06630
    250      13.56700      -2.02912       1.06630
    251      12.59817       0.04617       1.06630
    252      -2.53263       5.13066       1.06630
    253       7.95071     -16.69032       1.06630
    254       1.67955     -16.86619       1.06630
    255      18.67491       5.27354       1.06630
    256       4.23271     -17.47109       1.06630
    257       3.38177      -7.00343       1.06630
    258       5.75261      -7.50793       1.06630
    259       8.14281       4.31982       1.06630
    260       6.44068      -9.63569       1.06630
    261       2.52920     -19.09661       1.06630
    262      21.89142       4.13596       1.06630
    263      12.90144       3.99525       1.06630
    264      12.52570     -10.13332       1.06630
    265      10.24111       9.76534       1.06630
    266       4.49200      -5.26005       1.06630
    267       4.39887      18.72124       1.06630
    268       1.43806      21.17034       1.06630
    269       3.01485      16.99856       1.06630
    270       6.94914      14.47039       1.06630
    271      -3.23452     -15.62444       1.06630
    272      14.88501       7.76653       1.06630
    273       4.35264      -9.22545       1.06630
    274      12.40964      -3.74128       1.06630
    275      11.32665      -1.69231       1.06630
    276      19.89236       3.52266       1.06630
    277      12.73141       7.95536       1.06630
    278      13.95137       5.88840       1.06630
    279       6.30818       8.14272       1.06630
    280       9.89149      -7.23510       1.06630
    281       8.79283      13.28840       1.06630
    282      14.58055      -9.62320       1.06630
    283      16.00881       1.73590       1.06630
    284       9.49943       5.91627       1.06630
    285      11.88089       5.85250       1.06630
    286       8.62426      11.07799       1.06630
    287       6.05893       4.49855       1.06630
    288       3.65192      20.88918       1.06630
    289       9.07388     -11.15304       1.06630
    290       7.44970     -14.57527       1.06630
    291      17.24837       3.57175       1.06630
    292       4.99412     -11.45355       1.06630
    293      18.08335      -2.77295       1.06630
    294      16.59929      -4.22321       1.06630
    295      10.47893       0.32756       1.06630
    296       9.22874      -1.60486       1.06630
    297      11.11367      -5.49813       1.06630
    298      10.32387      -3.49647       1.06630
    299       3.45274      -3.19586       1.06630
    300      18.68037      -5.14803       1.06630
